24271084
24793489
28976289
29004516
29335101
29708278
30091309
30305838
30413409
30420513
30421668
30438468
30449076
30452562
30460500
30460584
30460599
30460653
30460668
30460755
30460806
30460812
30460869
30500667
30506256
30526764
30541371
30542055
30544470
30544815
30553803
30557310
30561486
30561489
30562638
30563604
30564018
30564069
30564540
30565005
30565143
30565545
30567591
30573033
30573888
30574011
30574326
30576006
30576051
30576510
30577593
30582636
30582945
30583296
30584487
30585774
30585816
30586083
30586524
30587079
30587088
30587301
30587490
30590052
30591246
30591306
30591414
30591480
30591894
30591969
30592131
30592140
30592188
30592338
30592374
30592743
30597144
30597495
30598497
30599034
30599469
30599943
30599946
30600003
30600156
30600171
30601032
30602778
30602790
30602796
30602841
30602853
30602895
30602946
30602949
30602955
30602961
30602964
30602967
30602970
30602973
30602976
30604110
30605121
30605508
30605928
30607083
30607152
30607422
30607485
30607488
30607563
30607632
30607716
30607782
30607821
30608577
30608730
30608736
30609766
30610048
30610252
30610291
30610777
30610837
30610987
30611428
30612691
30613072
30613279
30613321
30613816
30613939
30614041
30614188
30614464
30614668
30617725
30620596
30620797
30621178
30621385
30621481
30621601
30622018
30623539
30623542
30623746
30624229
30624517
